0.4 -1 10900 0.3 9.1557e+07 398140 171675 635640 10919.8 -8.73467e+07 3.27781e+07 1 3.17477e+09
0.4 -1 10900 0.325 8.35267e+07 386040 148734 640900 10939.6 -8.16656e+07 2.45091e+07 1 3.15884e+09
0.4 -1 10900 0.35 7.66907e+07 372960 182641 647740 10911.3 -7.66082e+07 1.67973e+07 1 3.14494e+09
0.4 -1 10900 0.375 7.12593e+07 358960 86478.6 656140 10995 -7.23456e+07 9.72823e+06 1 3.13313e+09
0.4 -1 10910 0.225 6.71654e+07 468340 191660 728020 10910.6 -6.42724e+07 2.48324e+07 1 3.12878e+09
0.4 -1 10910 0.25 5.83393e+07 453640 186598 736920 10915.1 -5.74909e+07 1.74356e+07 1 3.11156e+09
0.4 -1 10910 0.275 5.05976e+07 437600 79194 749940 11008.3 -5.11847e+07 1.09124e+07 1 3.09603e+09
0.4 -1 10910 0.3 4.41432e+07 420340 84781 768020 11005.3 -4.55668e+07 5.35621e+06 1 3.08285e+09
0.4 -1 10910 0.325 3.91638e+07 402060 169885 791380 10934.9 -4.08933e+07 808860 1 3.07242e+09
0.4 -1 10920 0.15 3.0473e+07 541360 26601.7 874860 11060.3 -3.10913e+07 8.41645e+06 1 3.05894e+09
0.4 -1 10920 0.175 2.21206e+07 521920 180697 917000 10929.7 -2.36016e+07 3.48777e+06 1 3.04264e+09
0.4 -1 10920 0.2 1.49417e+07 500740 176732 1.00298e+06 10939.8 -1.66791e+07 -22257.4 1 2.02853e+09
0.4 -1 10930 0.3 2.34735e+07 399360 197755 806480 10931.5 2.52083e+07 361438 1 1.0308e+09
0.4 -1 10930 0.325 1.93793e+07 375820 97748.1 777600 11015.8 2.10902e+07 1.05593e+06 1 1.0235e+09
0.4 -1 10930 0.35 1.42526e+07 352940 157534 735000 10963.6 1.59604e+07 972408 1 1.43451e+07
0.4 -1 10930 0.375 8.24867e+06 330640 139493 668740 10980.4 9.98441e+06 181892 1 3.20803e+06
